% Graph saved at Wed Nov 30 2022 10:53:24 GMT+0100 (heure normale d’Europe centrale)

n 68.4493535681616 249.271837253015 0
n 230.15821432765526 347.5728081268014 1
n 236.80378394790844 224.99999259282083 2
n 241.23416369474387 97.57280812680143 3
n 401.8354295175287 419.17474987437424 4
n 404.05061939094634 317.2330023015587 5
n 401.8354295175287 222.57280812680142 6
n 408.48099913778185 96.35921589379171 7
n 616.7088472390477 239.56309938893736 8

e 0 1 5 30
e 0 2 6 20
e 0 3 7 35
e 1 4 9 5
e 1 5 10 5
e 2 5 11 20
e 2 6 12 10
e 1 7 13 20
e 2 7 14 5
e 3 7 15 10
e 3 6 16 10
e 3 5 17 10
e 3 4 18 10
e 4 8 19 10
e 5 8 21 25
e 6 8 22 20
e 7 8 23 25